1  3427.693603515625    45.97185134887695
2  3082.905029296875    43.87163162231445
3  2990.391357421875    42.99696731567383
4  2944.766845703125    42.50053024291992
5  2916.203369140625    42.16716003417969
6  2895.899658203125    41.93230056762695
7  2880.463623046875    41.72243881225586
8  2867.86669921875    41.551353454589844
9  2857.653076171875    41.415061950683594
10  2848.905029296875    41.314308166503906
11  2797.3193359375    40.52775955200195
12  2787.0927734375    40.44245147705078
13  2781.861083984375    40.36652374267578
14  2777.8095703125    40.316497802734375
15  2774.37890625    40.28001022338867
16  2771.36669921875    40.22785186767578
17  2768.503662109375    40.194091796875
18  2765.992919921875    40.16621780395508
19  2763.603759765625    40.130516052246094
20  2761.331787109375    40.095123291015625
21  2736.331298828125    39.7097282409668
22  2731.833740234375    39.673179626464844
23  2729.564697265625    39.62989044189453
24  2727.674560546875    39.616573333740234
25  2726.2314453125    39.591060638427734
26  2724.89599609375    39.57948684692383
27  2723.59765625    39.558143615722656
28  2722.49169921875    39.54531478881836
29  2721.365478515625    39.531036376953125
30  2720.250732421875    39.51826858520508
31  2707.7021484375    39.32801818847656
32  2705.493896484375    39.301517486572266
33  2704.3525390625    39.2891845703125
34  2703.4423828125    39.27269744873047
35  2702.638427734375    39.255096435546875
36  2701.9208984375    39.248924255371094
37  2701.25341796875    39.24121856689453
38  2700.5927734375    39.235008239746094
39  2699.99267578125    39.219600677490234
40  2699.425048828125    39.217620849609375
41  2693.08251953125    39.12297439575195
42  2691.88671875    39.1053466796875
43  2691.15771484375    39.110408782958984
44  2690.61279296875    39.105140686035156
45  2690.08935546875    39.09632873535156
46  2689.592041015625    39.091758728027344
47  2689.053955078125    39.083213806152344
48  2688.579833984375    39.074825286865234
49  2688.05517578125    39.06340408325195
50  2687.588623046875    39.07487869262695
51  2685.08056640625    39.02726745605469
52  2684.426513671875    39.0244255065918
53  2684.0517578125    39.01028060913086
54  2683.72900390625    39.005924224853516
55  2683.432861328125    39.00600814819336
56  2683.20263671875    39.01144027709961
57  2682.84814453125    38.99909591674805
58  2682.577880859375    39.00446701049805
59  2682.325439453125    38.99541091918945
60  2682.0390625    38.98977279663086
61  2681.2607421875    38.96895217895508
62  2680.900146484375    38.97206497192383
63  2680.71142578125    38.95714569091797
64  2680.47216796875    38.966217041015625
65  2680.357177734375    38.96137237548828
66  2680.166259765625    38.96260070800781
67  2680.010986328125    38.964786529541016
68  2679.7919921875    38.96185302734375
69  2679.62158203125    38.958702087402344
70  2679.42431640625    38.95680236816406
71  2679.47265625    38.950626373291016
72  2679.248046875    38.94975662231445
73  2679.131591796875    38.94621658325195
74  2679.019775390625    38.944087982177734
75  2678.8916015625    38.93852615356445
76  2679.053466796875    38.93999099731445
77  2678.90185546875    38.9322509765625
78  2678.67578125    38.944881439208984
79  2678.53857421875    38.94429397583008
80  2678.3740234375    38.94147872924805
81  2677.934326171875    38.93172073364258
82  2677.656982421875    38.93226623535156
83  2677.453369140625    38.92888259887695
84  2677.194091796875    38.92182922363281
