1  3012.399658203125    40.66202926635742
2  2754.118896484375    39.548858642578125
3  2703.5498046875    39.09572982788086
4  2676.037109375    38.730712890625
5  2657.959228515625    38.5566520690918
6  2645.331298828125    38.29499816894531
7  2635.3720703125    38.26400375366211
8  2625.396240234375    38.038936614990234
9  2616.2978515625    37.947471618652344
10  2608.368408203125    37.89311981201172
11  2592.22216796875    37.68977355957031
12  2587.53662109375    37.59493637084961
13  2583.970703125    37.53218078613281
14  2581.412353515625    37.64314651489258
15  2580.565673828125    37.47993469238281
16  2576.3779296875    37.458030700683594
17  2574.0859375    37.3917236328125
18  2572.2470703125    37.39844512939453
19  2570.314453125    37.34583282470703
20  2568.41748046875    37.30852508544922
21  2561.778076171875    37.22178268432617
